//RESULTS//

//#Frequency sweep//

/Increasing frequency/*

f [Hz] A_x1 [m] A_x2 [m] A_x3 [m]
1.0 0.04995497407251341 0.05007787571716304 0.05014063751631199
1.2462311557788945 0.050055059809075056 0.050246153554157603 0.0503437438461207
1.492462311557789 0.05018120573606778 0.050462228785738736 0.05060604936491849
1.7386934673366834 0.050300932504834264 0.05066267166288175 0.050846935655900344
1.984924623115578 0.05050302829557686 0.05100714416601738 0.051265410770795786
2.2311557788944727 0.050599251107876525 0.05116262904028605 0.051448075662406834
2.477386934673367 0.050843856217690234 0.0515815401362527 0.051957364616389085
2.7236180904522613 0.051159091777813706 0.0521222931393992 0.05261622354620327
2.969849246231156 0.05131757679647003 0.05238389682839285 0.05292732429899184
3.2160804020100504 0.051513298292385365 0.052706801060775826 0.05331229760593201
3.462311557788945 0.051725635928333534 0.05305754715854678 0.05373084600974681
3.7085427135678395 0.05202101926881049 0.053555691167726314 0.0543315990139831
3.9547738693467336 0.052533544850916394 0.05444450708275925 0.05541887130813904
4.201005025125628 0.052735409407032474 0.054762387409177764 0.05578929517590275
4.447236180904523 0.05267776601500933 0.05462096247096097 0.05559030828819063
4.693467336683417 0.05380897267267637 0.05662752167020045 0.058093617905789596
4.939698492462312 0.05486732378728866 0.05848150500820694 0.06035208913541585
5.185929648241206 0.054743428981960385 0.05821878300315633 0.059998305112399675
5.432160804020101 0.05533698077930754 0.059240730807809415 0.06124414786912635
5.678391959798995 0.05613482569096198 0.060621960491178545 0.06293401430469087
5.92462311557789 0.05660782269972159 0.061415800809016596 0.06388744957663811
6.170854271356784 0.057190199842841904 0.06239725994974982 0.06507115032055746
6.417085427135679 0.057640077957600136 0.06316472323478096 0.06599804807680576
6.6633165829145735 0.0584096149055149 0.06448546368313257 0.06760800908759396
6.909547738693467 0.059259153778491926 0.06595734053177833 0.0694083065432742
7.155778894472362 0.059888862228475406 0.06702143808274214 0.0706909074483649
7.402010050251256 0.061139121353476183 0.06921323697869794 0.07338580121979403
7.648241206030151 0.06222610666642368 0.07109343988868447 0.0756766114164503
7.894472361809045 0.06298617390916536 0.07239690137919572 0.07727149125763136
8.14070351758794 0.06460474826616502 0.07524480228860382 0.08076906337425599
8.386934673366834 0.06588867513017427 0.0774941488701596 0.08353564611019715
8.633165829145728 0.06761779817890756 0.08051982810849981 0.08725252222616296
8.879396984924623 0.06939066090642049 0.08367515901631561 0.09115856517301132
9.125628140703517 0.07213489970637864 0.08853566204957691 0.09715728977759922
9.371859296482413 0.0724532898912125 0.08903965471420631 0.09774409605008488
9.618090452261306 0.0755245279273232 0.09453188306177612 0.10456036391289203
9.864321608040202 0.07820766988031932 0.09932119152195713 0.11050008228363536
10.110552763819095 0.08171029699212562 0.10560269014124436 0.11830436655420294
10.35678391959799 0.08625501228284166 0.1138045591293422 0.12852651938372975
10.603015075376884 0.08798203555143233 0.1168425795243059 0.13226367673870715
10.84924623115578 0.09372227459753454 0.12732100950047287 0.14540414962760062
11.095477386934673 0.10127957364047731 0.14108321307938854 0.16262391600300544
11.341708542713569 0.09814009783847343 0.1352154775909879 0.1553034081495348
11.587939698492463 0.1068362895943914 0.15114911252978425 0.1751789357481445
11.834170854271358 0.1133242072160759 0.16322535139681715 0.19048270060882244
12.080402010050252 0.1331505808730681 0.20067594751682155 0.23836304630472638
12.326633165829147 0.1384418326745867 0.21101300651362587 0.25227605032355094
12.57286432160804 0.15348419819787557 0.23994595784118394 0.28906663298636004
12.819095477386934 0.15782042847472685 0.25061986995663327 0.30555120872788344
13.06532663316583 0.1865412492067529 0.29235262875592527 0.37173754780599005
13.311557788944723 0.28534665229714107 0.4289378284128338 0.5068014579597115
13.557788944723619 0.368973885991669 0.5641704483828544 0.6314370219824099
13.804020100502512 0.3810257976587338 0.6108183484643039 0.6947399954115021
14.050251256281408 0.4719935684154395 0.7750312612263683 0.8688604764190015
14.296482412060302 0.5386508585022856 0.9089825560583726 1.0131836984137492
14.542713567839197 0.6224304626127881 1.0924066092467042 1.2085094804915801
14.78894472361809 0.6963573919036659 1.2629503308069534 1.3900743974728178
15.035175879396986 0.7800563027724721 1.465549789448009 1.6075780053286266
15.28140703517588 0.8535528970180419 1.6820586464226257 1.8343456878656692
15.527638190954775 0.9204500693010477 1.8981339694869124 2.069560188223836
15.773869346733669 0.9580041056720066 2.0772357154350614 2.272782061044497
16.020100502512562 0.9333400242900888 2.05979493135394 2.284180898486511
16.266331658291456 0.6485078415523771 1.1809425189938407 1.3195448657162245
16.512562814070353 0.5277602148261467 0.9526059705704355 1.1015019366951937
16.758793969849247 0.42909290146381973 0.7731393660642785 0.9193128518977121
17.00502512562814 0.3910342301769679 0.7615213456384178 0.9354624835414149
17.251256281407034 0.31769980250473273 0.6108113135932778 0.7556142044643027
17.49748743718593 0.2441840142350175 0.4243738918003658 0.5183486148135339
17.743718592964825 0.20382681272878655 0.3500475340522029 0.433874110492568
17.98994974874372 0.18360888757748212 0.34610466144241825 0.4366174942980863
18.236180904522612 0.16510553948869794 0.3398412014871625 0.4367623319737912
18.48241206030151 0.1339072757061469 0.2610165324920974 0.3344403605379237
18.728643216080403 0.1122415471605056 0.22856248568679743 0.29642813336519025
18.974874371859297 0.09545060726059626 0.19096247623821921 0.248373430797164
19.22110552763819 0.08135914182005016 0.18930723084077788 0.25251340347146894
19.467336683417088 0.06806946926730686 0.1432021078588373 0.19083600136043746
19.71356783919598 0.060204341826515406 0.09304569322454392 0.1171765730419653
19.959798994974875 0.05350317346422365 0.0847680240905555 0.10732855438181614
20.20603015075377 0.047624162186849256 0.0705996897188631 0.09153565071525474
20.452261306532666 0.04318248102078171 0.07423202602604148 0.10544358721267419
20.69849246231156 0.036003727594051474 0.09531394303060978 0.1377164890624569
20.944723618090453 0.026770527863158967 0.08394179985322126 0.12312004046273956
21.190954773869347 0.03176513299452651 0.04690240192066595 0.07431734861606837
21.43718592964824 0.023334369047902457 0.06824642605029288 0.10491365392995919
21.683417085427138 0.028612520312280468 0.048312346551067135 0.0790596759701534
21.92964824120603 0.01806280543552678 0.05601091776742066 0.09019770917060199
22.175879396984925 0.02489416070237245 0.03583626188854283 0.06467683555802317
22.42211055276382 0.025612238870576703 0.044375791848785956 0.0763013356350687
22.668341708542716 0.018378620649805583 0.04170313377841782 0.07334613042045401
22.91457286432161 0.01904003916967987 0.038982495805339266 0.07054649268953528
23.160804020100503 0.02120346929611131 0.03587287800067952 0.06711997969058388
23.407035175879397 0.022343267642271916 0.033726381687002635 0.0648958141319422
23.653266331658294 0.02219552954060354 0.03127409205411697 0.06214013312755989
23.899497487437188 0.021644773998336447 0.029099004093430456 0.059752430569244966
24.14572864321608 0.022044241730376935 0.026432867328479347 0.056898307204217534
24.391959798994975 0.023942474091193933 0.024086790173094855 0.05444816957425649
24.63819095477387 0.024027133461542935 0.021366566708014692 0.05142089923657777
24.884422110552766 0.024222026371898332 0.022505623030878323 0.05333006592621997
25.13065326633166 0.025563936030540947 0.0203463156780907 0.05108271328738233
25.376884422110553 0.02604834036357208 0.019902897064824482 0.05098337049206364
25.623115577889447 0.02666482863443121 0.018745483148580423 0.05019839111914817
25.869346733668344 0.02707416519433241 0.01749509588492841 0.04892939270031076
26.115577889447238 0.027824571710145837 0.01608227191219632 0.047692395514332485
26.36180904522613 0.02812319422698226 0.015599143259902571 0.048057998086920226
26.608040201005025 0.02887143737925533 0.0146140632062654 0.04740202058480167
26.854271356783922 0.029728368558695796 0.013675280194535188 0.04668825790653877
27.100502512562816 0.03073834613929219 0.0132980356381683 0.04670637916435155
27.34673366834171 0.03155739526404 0.01284503413886988 0.04681360396175974
27.592964824120603 0.032149781694081635 0.011723436074564605 0.046220024040143595
27.8391959798995 0.03292805381978689 0.010779942547153684 0.045813392918162804
28.085427135678394 0.033571349478152976 0.009926151365132242 0.04573530595614436
28.331658291457288 0.03468457832099847 0.00926822017984515 0.04566611255485613
28.57788944723618 0.03586420658075225 0.008864457821454935 0.045533540609602755
28.824120603015075 0.036548924783166695 0.008416906110071284 0.04599743585189568
29.070351758793972 0.03742456155384682 0.007934131137450692 0.04637035628837477
29.316582914572866 0.03848040612505514 0.0071407252076304654 0.0464004671366855
29.56281407035176 0.03964712756263776 0.006585808654194768 0.0463161837717088
29.809045226130653 0.04025358731418085 0.0055384761158674516 0.04635003873984676
30.05527638190955 0.04180216628733841 0.005242728325012995 0.04665071303628349
30.301507537688444 0.043092443871177596 0.004424590410403734 0.04734876210468818
30.547738693467338 0.044408587099257525 0.0034576917498917864 0.04799896603322493
30.79396984924623 0.045863411834793075 0.0026414020680832597 0.048575905015553554
31.04020100502513 0.047264505061145726 0.0024425230349010693 0.04864008335794516
31.286432160804022 0.04795188452105036 0.0016537370544494076 0.04946144404445184
31.532663316582916 0.04972176305018239 0.0012236512376893943 0.04959853086577268
31.77889447236181 0.050924528710224154 0.0012923318192956635 0.050607270382369215
32.02512562814071 0.05247317100251851 0.0017499449158408474 0.051200353972109605
32.2713567839196 0.05412215579092086 0.002578247330895453 0.05198783097329068
32.517587939698494 0.05570499895523278 0.0030908504076398633 0.05280031263293554
32.76381909547739 0.05774313566625826 0.0038059220809076658 0.054231999427453374
33.01005025125628 0.06061976990633072 0.00520882213429272 0.05616532286749178
33.256281407035175 0.06401183882138936 0.006840379646939299 0.05817234159369544
33.50251256281407 0.06662968843264862 0.008142909538774704 0.06000696023271809
33.74874371859297 0.06883549685233142 0.009082051072530671 0.061213204100017876
33.99497487437186 0.07115179666391233 0.010250038496174573 0.06258780627087274
34.24120603015076 0.07438072271155974 0.011794145961346043 0.06476550915111468
34.48743718592965 0.07746111648550384 0.013250506207457598 0.06678151487253631
34.733668341708544 0.08092596262183305 0.014867380646421471 0.06908209906711205
34.97989949748744 0.08451055372438625 0.01654046275452086 0.0714593474351847
35.22613065326633 0.08824836764555447 0.01827620397333711 0.07405640561078947
35.472361809045225 0.09208861486390592 0.020013740923082397 0.0771983084839789
35.718592964824126 0.09612003697326393 0.021732023932773584 0.0808104343885962
35.96482412060302 0.10188519805408278 0.024184278539203716 0.08538317611661854
36.21105527638191 0.11118422782602733 0.02803121103417038 0.09181996963650363
36.45728643216081 0.1237635375617416 0.033998870262337166 0.10090880764715077
36.7035175879397 0.13675640369852915 0.04021580046572511 0.11045665858026676
36.949748743718594 0.14703873958284056 0.045143912801795416 0.11900276630663129
37.19597989949749 0.15773712456140043 0.05016876815371388 0.1277223381695352
37.44221105527638 0.17295892888426587 0.05703208979584623 0.13954365147302988
37.688442211055275 0.19040831654957988 0.06549094958473817 0.1533007768006847
37.934673366834176 0.21020263006262613 0.07510919064297195 0.16907266788005199
38.18090452261307 0.23381062387224183 0.08695068784107808 0.18712450186345808
38.42713567839196 0.26097471785607823 0.10055891670960088 0.2081143999187401
38.67336683417086 0.2905235626668742 0.11625801779081679 0.23194221223988948
38.91959798994975 0.32312982925028655 0.13392128252348912 0.2583102085061274
39.165829145728644 0.3581818007443235 0.15397306387563953 0.28599976875250227
39.41206030150754 0.39404305197850675 0.17603750773659044 0.3146352879999789
39.65829145728643 0.43118765990169516 0.19905301377677775 0.3449375895687755
39.90452261306533 0.46736837375255463 0.22372861196131885 0.375096720263614
40.150753768844226 0.5040489052985035 0.24949258249210116 0.40531752067358584
40.39698492462312 0.539583623274088 0.27646572211693243 0.4351639994395079
40.64321608040201 0.5730724245317328 0.3045654387588782 0.46387093770926047
40.88944723618091 0.6068048776322423 0.3328690374799054 0.49311153765092774
41.1356783919598 0.6380754041602963 0.36142770516761086 0.5214009250250102
41.381909547738694 0.6664494594864714 0.39003675215586114 0.5476998213414297
41.62814070351759 0.6894090164173428 0.4171633744945123 0.5706663945859932
41.87437185929648 0.705591855551245 0.4378183206090483 0.5863586667694753
42.12060301507538 0.7034141886599907 0.4434375693990876 0.5876442407330618
42.366834170854275 0.6370102960553016 0.39534818742298194 0.5314028731494478
42.61306532663317 0.2842456714968279 0.1369796453428786 0.22913274294553782
42.85929648241206 0.25720869495598336 0.14578631692482033 0.21384960555481597
43.10552763819096 0.17005199961659112 0.10133546603630608 0.14291931616701775
43.35175879396985 0.10760110097534208 0.07058052879812864 0.09198592769429227
43.597989949748744 0.0775369057848969 0.058284712115813056 0.0686391850488388
43.84422110552764 0.06923395746289204 0.056048116558155926 0.06304775477140658
44.09045226130654 0.06748040739826301 0.05621135607217849 0.06249778773809524
44.33668341708543 0.06473038300260978 0.05588381776417997 0.061029423672623435
44.582914572864325 0.059776736911834064 0.054036481886855975 0.05748855257681793
44.82914572864322 0.052769572664247644 0.05123860717697225 0.052314249741795285
45.07537688442211 0.04506586133616844 0.04812876868588066 0.04653192184053816
45.321608040201006 0.042465390173176236 0.047418557917639506 0.04505801252499747
45.5678391959799 0.04118265027188958 0.04711335655537162 0.04428620943273185
45.814070351758794 0.03755136764475646 0.04594003799684805 0.041834220238302314
46.06030150753769 0.03546885933855048 0.04545233859493186 0.04073150172068535
46.30653266331659 0.03311857315394809 0.044906438749247685 0.03931574477460979
46.55276381909548 0.0310072003181747 0.04448639293669841 0.03823182515687988
46.798994974874375 0.028913107611337342 0.0441445973673652 0.03708714698752753
47.04522613065327 0.027011508802945665 0.04395002835254981 0.03611271807993347
47.29145728643216 0.02505771866742037 0.043821996490475856 0.03513212163208803
47.537688442211056 0.023329691226589677 0.043825733559474146 0.034343276052427346
47.78391959798995 0.021690434961380973 0.04389641661693215 0.033748960497290925
48.030150753768844 0.020110321089380413 0.044080292865263736 0.03326177021878735
48.27638190954774 0.01858458743353974 0.04430391171915075 0.032775071019551266
48.52261306532664 0.01707589825495091 0.0443809321073161 0.032244311925438945
48.76884422110553 0.015719629294599247 0.04435813614493835 0.031690994171892924
49.015075376884425 0.01452446056283066 0.044615622869408234 0.03144646452184971
49.26130653266332 0.01338206571511296 0.044898197769119755 0.0315983910667283
49.50753768844221 0.01228976233942587 0.04529912410521104 0.031782684845176726
49.753768844221106 0.011166251594524024 0.04588466664064532 0.03176684310916206
50.0 0.009950639284565669 0.0465370529991465 0.03159288042418382

/Decreasing frequency/

f [Hz] A_x1 [m] A_x2 [m] A_x3 [m]
50.0 0.009366415948297391 0.04632236096150316 0.03125876736103725
49.753768844221106 0.01010411553252084 0.04544158110985863 0.031317488349694445
49.50753768844221 0.011437125020916684 0.04486761538425335 0.031314664151806657
49.26130653266332 0.013076810019316988 0.04463736896796604 0.031484651875286186
49.015075376884425 0.014974038451299139 0.04454143522102853 0.03191607237830527
48.76884422110553 0.01695796391406263 0.04445568996472381 0.032551832039096396
48.52261306532664 0.018781301832287066 0.04428600964199407 0.03320485218628852
48.27638190954774 0.020198968155755462 0.044013247972657765 0.03372257543283523
48.030150753768844 0.02148308594939162 0.044009517300266185 0.034011923542405974
47.78391959798995 0.02273908754795569 0.043965621589684804 0.03438373930777858
47.537688442211056 0.02434298735373903 0.04411077452336433 0.03519666739455243
47.29145728643216 0.02604469350566891 0.044380531595766576 0.03611361363073945
47.04522613065327 0.02762308506508044 0.04458365590678885 0.03696543962703515
46.798994974874375 0.02951427100276023 0.044805708552737536 0.03789538652540546
46.55276381909548 0.03158685863252189 0.045073128496643966 0.038799035649457955
46.30653266331659 0.03372804452351803 0.04546849261384943 0.03977917206770892
46.06030150753769 0.035947007732034034 0.04599004136855941 0.04090092036124551
45.814070351758794 0.03825482386450903 0.046562053912412804 0.042309329661343986
45.5678391959799 0.04062744051542338 0.04734600328876999 0.043802837490572934
45.321608040201006 0.043067564500791494 0.048108439464043654 0.04531503409325491
45.07537688442211 0.04556866110500481 0.0486720245133683 0.04681633409990917
44.82914572864322 0.048164858282458846 0.04906241500407145 0.0487178710531897
44.582914572864325 0.050903256824500774 0.04982511979463852 0.05047275132492898
44.33668341708543 0.053775650350390634 0.0508655154621178 0.05226752537531231
44.09045226130654 0.05685434141475853 0.05211656230105213 0.054065939567880306
43.84422110552764 0.06107072730111079 0.053863254007410113 0.05690338501775476
43.597989949748744 0.06720783942826453 0.05606417923964055 0.06133747892136985
43.35175879396985 0.07536523974877474 0.05936151129158602 0.06792696225908243
43.10552763819096 0.08490471687046448 0.06345414503947303 0.07537916500179588
42.85929648241206 0.09344769212829906 0.06728266411100423 0.08150114992461688
42.61306532663317 0.10043780477038819 0.07004381945386576 0.08664349755260892
42.366834170854275 0.10944956472729048 0.07381903068619303 0.09382771048160476
42.12060301507538 0.12217245312917538 0.0794464912491126 0.1037061591428091
41.87437185929648 0.13678735415734494 0.08564347348828474 0.11503479211349589
41.62814070351759 0.15576989205863911 0.09431657876508445 0.129647655311966
41.381909547738694 0.18030569488762532 0.1054304971546704 0.14914084982938344
41.1356783919598 0.21493145331524402 0.12151924095032504 0.17649666137224418
40.88944723618091 0.2663759198789773 0.1460452787815449 0.21776677361285637
40.64321608040201 0.3512922422299265 0.1893206425805955 0.2856462095727113
40.39698492462312 0.49133533560687737 0.2669769192746477 0.39943498943951045
40.150753768844226 0.601286230734698 0.3262084471734148 0.4888099706854039
39.90452261306533 0.46635550793026415 0.2183820209066546 0.3734279373932708
39.65829145728643 0.38318087189154326 0.1694252538627921 0.30558234605838774
39.41206030150754 0.40221871097484047 0.17950624887810124 0.32145566081733634
39.165829145728644 0.3461736229823934 0.14586507023937156 0.2760640352309254
38.91959798994975 0.30334425613603677 0.12248409942982995 0.24193781133756553
38.67336683417086 0.2801933004118366 0.11019046989200443 0.2237606381881975
38.42713567839196 0.24387100860432054 0.09125453924609843 0.1948465635843905
38.18090452261307 0.22049065427928494 0.07968732802922077 0.17633369766587934
37.934673366834176 0.1963742164330145 0.06792314350776305 0.1574266598120671
37.688442211055275 0.17783661359187675 0.05914638436825756 0.14290930844877187
37.44221105527638 0.16115792924383113 0.05131742090568184 0.12971893016041686
37.19597989949749 0.1478081297528855 0.04512354106341588 0.11932937654489617
36.949748743718594 0.1364962635272629 0.03995244845853822 0.1105968764160285
36.7035175879397 0.12704052046351938 0.035688743306359204 0.1033056103587219
36.45728643216081 0.1194375926970124 0.032300356440545325 0.09750166439965421
36.21105527638191 0.11357876965419417 0.02968160312021008 0.09311761821389167
35.96482412060302 0.1090837033239208 0.02763191602439123 0.08984749160493005
35.718592964824126 0.10483419894005508 0.025611706731642227 0.0868824019789879
35.472361809045225 0.09960102271180801 0.02310880244186467 0.0835707796289677
35.22613065326633 0.09286331381653484 0.01999104515262642 0.07807570633010169
34.97989949748744 0.0846763723341555 0.016428797643577252 0.07162713893290752
34.733668341708544 0.08063060058148566 0.014771427439248534 0.06916204865849576
34.48743718592965 0.07713496628991721 0.013259026178203981 0.06629765200799093
34.24120603015076 0.07318631640281054 0.011409572217907218 0.06420383283023856
33.99497487437186 0.06976583953414883 0.009864550101382869 0.06263598917952731
33.74874371859297 0.0667657085385136 0.008484229273964573 0.06060759395408345
33.50251256281407 0.06429360709159093 0.007333946188198355 0.05811382066342054
33.256281407035175 0.062007310741396565 0.0062158011073050945 0.05674686568443282
33.01005025125628 0.060216627380157005 0.005280160386723253 0.056289681563495245
32.76381909547739 0.05922721408148861 0.004820707480803165 0.05509969291060399
32.517587939698494 0.057670712425831425 0.003933622166997213 0.054476724274910945
32.2713567839196 0.05574699875132103 0.0031615363822433207 0.05301086242074406
32.02512562814071 0.05306508865935761 0.0016073223370593904 0.05211250655228833
31.77889447236181 0.05121210616369527 0.0010613741290713117 0.05045750075877263
31.532663316582916 0.04953383946483794 0.0011493512889756263 0.05003863816294172
31.286432160804022 0.04798438487413912 0.0013983124225996437 0.04886687360358061
31.04020100502513 0.046283949819018455 0.002268407827740091 0.04849119973495905
30.79396984924623 0.04495646139306357 0.0028538416620516906 0.04761045269718846
30.547738693467338 0.04378014944625281 0.0036116991516462497 0.04713303476203123
30.301507537688444 0.04285202231882736 0.004225786364769916 0.04694439509535114
30.05527638190955 0.042084789528512204 0.0048288786676521644 0.04677527380783825
29.809045226130653 0.04094764295973474 0.005388958442635494 0.046443806499928575
29.56281407035176 0.03959591055917386 0.005976307854832703 0.04630299707562253
29.316582914572866 0.03833939457798592 0.006569523358569861 0.045778855429129864
29.070351758793972 0.037313643274225386 0.007111700459119945 0.04565374397156682
28.824120603015075 0.036267343200149196 0.007844804747184514 0.045545520686001144
28.57788944723618 0.03542135626202203 0.008582689260688942 0.04548018230153063
28.331658291457288 0.03464058621240618 0.009402039026627021 0.04534758256444056
28.085427135678394 0.03388383156936561 0.010318331199052757 0.04548909750489501
27.8391959798995 0.033011546215035464 0.011125883354736188 0.0460757522904558
27.592964824120603 0.031991019690856576 0.01162634452383958 0.04633166293210524
27.34673366834171 0.03168097850202317 0.012751570678223197 0.04664987822576316
27.100502512562816 0.030644772750020567 0.012972464285926421 0.04624390763049744
26.854271356783922 0.029689811885799406 0.013426753329553686 0.046204294492216316
26.608040201005025 0.028619581006422756 0.013761724629210133 0.04604169121558184
26.36180904522613 0.028146909062847704 0.014872043644687628 0.04673235492393106
26.115577889447238 0.027096781423432956 0.0151017614547709 0.046861247517711264
25.869346733668344 0.02610835819609672 0.015705366403242684 0.046957560519343675
25.623115577889447 0.02576015196259613 0.01667800880507831 0.04727983362740602
25.376884422110553 0.024560550465092666 0.01708187325120835 0.04752099647891775
25.13065326633166 0.023981769703237944 0.017921287807135516 0.04808931593737184
24.884422110552766 0.023180840157636655 0.01865951259775847 0.04852805579443445
24.63819095477387 0.02222393821195155 0.01918860906136979 0.048934988810800065
24.391959798994975 0.02170917455566627 0.020463499000157592 0.04997806258440009
24.14572864321608 0.02102509737726694 0.021397134154386974 0.05057257508065745
23.899497487437188 0.02016071760115383 0.02235889044491057 0.051471252464309
23.653266331658294 0.019412676955501695 0.023637382433848893 0.0526863338038798
23.407035175879397 0.018555704569039017 0.025088483752228087 0.05417354464662496
23.160804020100503 0.01754675347502685 0.026407885138781777 0.05545737751292144
22.91457286432161 0.016922806251271086 0.028287486252051436 0.057379146475956926
22.668341708542716 0.01663101566803941 0.029738024950569222 0.05899077614201348
22.42211055276382 0.01557138789324966 0.028691082872506803 0.057262293826173524
22.175879396984925 0.0139469725378614 0.03045847362147524 0.059180204798221114
21.92964824120603 0.013508359701666264 0.03254419874885933 0.06147682409583435
21.683417085427138 0.01211032829217876 0.03245261077450064 0.06120120814765459
21.43718592964824 0.011354012898928748 0.03482880534130436 0.06382380569276452
21.190954773869347 0.00954815495920186 0.03567955859430243 0.06457548335942985
20.944723618090453 0.00908998013210412 0.037186787235633456 0.06615787892241004
20.69849246231156 0.007925844687331998 0.03897174515548468 0.06812402813118201
20.452261306532666 0.006448041067317327 0.0408905129801814 0.07037217342589863
20.20603015075377 0.005372307654540813 0.04396641018465097 0.07395525037559733
19.959798994974875 0.003982934593101763 0.04845200996024435 0.07930610032728612
19.71356783919598 0.0028504300266715245 0.05261571366959995 0.08426354068108757
19.467336683417088 0.004460363629811132 0.0565231962360742 0.08892661967718182
19.22110552763819 0.004364919113236742 0.0557150673503328 0.08768578903622026
18.974874371859297 0.005388863954063789 0.05881604050584341 0.09137269647356427
18.728643216080403 0.008260902735485989 0.06333358667040505 0.09681085684385232
18.48241206030151 0.009569303130975287 0.0657985105237482 0.09967470202941722
18.236180904522612 0.010932962562558983 0.06787051195893007 0.10205608311295826
17.98994974874372 0.013591396722847822 0.07226341157479824 0.10738065442571676
17.743718592964825 0.016366531638977642 0.077221431905204 0.11348181582162317
17.49748743718593 0.02220673857174541 0.08755596266579999 0.12613798539216098
17.251256281407034 0.03311935577162016 0.10698413376208332 0.1501602994905164
17.00502512562814 0.04117023716986985 0.12112875949159366 0.16762060210085558
16.758793969849247 0.038649446051096915 0.11599865924793733 0.16106325205830835
16.512562814070353 0.05031011798282816 0.13729396140773595 0.18751212775177395
16.266331658291456 0.051683972442889664 0.13957464438549877 0.19022216408157347
16.020100502512562 0.06303754773770986 0.15907099660784146 0.21425994363805856
15.773869346733669 0.06926823517866515 0.17051039301150675 0.22844401348306415
15.527638190954775 0.09125490255108058 0.20995612331252078 0.27726707837705655
15.28140703517588 0.17003419878516599 0.35432740092434156 0.45590871316583836
15.035175879396986 0.21872046665979544 0.4435416086638666 0.564829824928365
14.78894472361809 0.3838291904987222 0.7536594489510541 0.9308129026041165
14.542713567839197 0.7771990077039392 1.4784323841207347 1.6417704132984583
14.296482412060302 0.4138280972828241 0.7296351334436507 0.8634565280233935
14.050251256281408 0.49986542094744946 0.8728048968751662 1.0216895784573823
13.804020100502512 0.22783212457966268 0.36473755965613264 0.44876174197707974
13.557788944723619 0.4240052847197891 0.6708364984400148 0.7496377072870066
13.311557788944723 0.3129478273221188 0.531174431008592 0.6661021215180906
13.06532663316583 0.280155975812135 0.45561859604371946 0.5324109143226787
12.819095477386934 0.27445894580239427 0.4376033163910586 0.528659365169126
12.57286432160804 0.21213775651477218 0.3451921225614245 0.43554716571464847
12.326633165829147 0.14463518510451656 0.22991338767218428 0.279768799073168
12.080402010050252 0.11364776874746507 0.1751414477910169 0.21194097401155987
11.834170854271358 0.11814248692984558 0.17665426457294786 0.21026172826774214
11.587939698492463 0.09886717938201425 0.13786433015494742 0.1593638265032437
11.341708542713569 0.11452219342108391 0.1655903658155446 0.19354636715869497
11.095477386934673 0.0995132177964837 0.13801838490238952 0.15881122493360988
10.84924623115578 0.09594393841248738 0.13159761135473064 0.15109968609401894
10.603015075376884 0.09685114663255437 0.13344551221567014 0.15329422952065702
10.35678391959799 0.0846581362791875 0.11153457141853032 0.12587827683662375
10.110552763819095 0.08267721289749352 0.10786304389851861 0.1213498728011973
9.864321608040202 0.08298839154481233 0.10807999450505984 0.12157444724447727
9.618090452261306 0.07834173736393316 0.0999296778721343 0.11143184297195018
9.371859296482413 0.07578462082444899 0.09533072114233151 0.10574145995210682
9.125628140703517 0.07315416887598769 0.09060049545958193 0.09986993146902967
8.879396984924623 0.0704957870132536 0.08570438304337938 0.09370729050039564
8.633165829145728 0.06786466510790778 0.08098562636983055 0.08783980635979677
8.386934673366834 0.06612632905358531 0.07792570939952237 0.08407512324407129
8.14070351758794 0.06491170327705154 0.07582584767701805 0.08151156459968266
7.894472361809045 0.06307272409472041 0.07253463282910776 0.07742675295669979
7.648241206030151 0.06265192666940113 0.07188260057510232 0.07667943871282379
7.402010050251256 0.06090533748538103 0.06878085716832438 0.0728399990158458
7.155778894472362 0.059849398501193724 0.06694516101158923 0.07059342814051016
6.909547738693467 0.05898204298124987 0.06544461653872333 0.06876338978885904
6.6633165829145735 0.05835908486336888 0.06439452121661837 0.06749512236872143
6.417085427135679 0.0578351597023425 0.06350692230264515 0.06642577119582063
6.170854271356784 0.05716813610161784 0.06236534430049763 0.06503390374351224
5.92462311557789 0.05648030575471123 0.06118899077973523 0.06360831057722133
5.678391959798995 0.05597756208602481 0.060331386550326764 0.06256534360591606
5.432160804020101 0.05525496404619841 0.059075300097368555 0.06103021476778896
5.185929648241206 0.054993438824632326 0.05866485062432941 0.06055328473731558
4.939698492462312 0.05458069554608885 0.057975403798260376 0.059724258998097954
4.693467336683417 0.053704251495913284 0.056504898315526575 0.05811782308122042
4.447236180904523 0.05356759287048646 0.05622437925488467 0.05758910020326041
4.201005025125628 0.05260781538558518 0.054538233059569334 0.05551251543157161
3.9547738693467336 0.05254094314520262 0.054457505872916416 0.05543471119089761
3.7085427135678395 0.052073759256638874 0.05365127851979155 0.054451250944465304
3.462311557788945 0.05177497250394422 0.053146902061149234 0.053842484590322426
3.2160804020100504 0.051521962612421486 0.052722275246583745 0.05333167693215508
2.969849246231156 0.05121538983367499 0.05219536544751675 0.05269089743123635
2.7236180904522613 0.050903663269987326 0.05166023400078543 0.05203944242898216
2.477386934673367 0.0507964228233429 0.05149573482699313 0.05185025006639153
2.2311557788944727 0.050648394927283374 0.05125151914316085 0.05155903756900487
1.984924623115578 0.050336451245593244 0.0507108352840899 0.050897076790353615
1.7386934673366834 0.05030080199629118 0.050662435869462875 0.05084664145531471
1.492462311557789 0.05019689702659491 0.050490608881162205 0.05064147439535886
1.2462311557788945 0.05005199165231877 0.050243725524454 0.05034167240276401

//Amplitude sweep//

/Increasing amplitude/

Phi [N] A_x1 [m] A_x2 [m] A_x3 [m]
1.0 0.00833367054433429 0.018870021203284792 0.024942731451759795
3.0256410256410255 0.02472071489775022 0.05781514700212673 0.07677823496706898
5.051282051282051 0.040537882527685164 0.09611919604881998 0.1279087313043307
7.076923076923077 0.05436489337611577 0.13065313410909793 0.17429405568760029
9.102564102564102 0.06768134290070452 0.1641694382119977 0.2193897587294145
11.128205128205128 0.08150023400149009 0.19860361895238368 0.26563857567959515
13.153846153846153 0.09550645130885517 0.23342053676569807 0.31238242104214536
15.179487179487179 0.10928688599919265 0.2678826094464057 0.35870397637731716
17.205128205128204 0.1229938415439985 0.3022837051029103 0.4049757114700668
19.23076923076923 0.1367060470384931 0.33678091475034866 0.4513985608314991
21.256410256410255 0.15034180430850233 0.3712367642879528 0.49780452129544805
23.28205128205128 0.16388809475961416 0.40563733798908386 0.5441797596316488
25.307692307692307 0.1772086765075045 0.43973732646516533 0.5902190013992494
27.333333333333332 0.19006021242371787 0.47308707166084873 0.6353582034657069
29.358974358974358 0.20198043111182937 0.504823359742828 0.6785104069843242
31.384615384615383 0.21236469288808152 0.5338246782699994 0.7182627239634813
33.41025641025641 0.22152648445897855 0.5607426924852231 0.7554470085082805
35.43589743589743 0.2348130763672374 0.5957502657590855 0.802928971623681
37.46153846153846 0.26395672799202247 0.6614361094602151 0.8893866335909512
39.48717948717949 0.298522410174176 0.7386813551331437 0.9908561343692751
41.51282051282051 0.3093777428615595 0.7694907312132729 1.0332334720592864
43.53846153846153 0.32738270381919027 0.8151223556759877 1.0947233388328337
45.56410256410256 0.3398612538953392 0.8498289599003589 1.1422902935761943
47.58974358974359 0.3501924757081843 0.8805855937641734 1.1848949337849812
49.61538461538461 0.3798350836874822 0.9520888091475866 1.2802910247156678
51.641025641025635 0.4318038439184977 1.0729617419666968 1.4403988481255299
53.666666666666664 0.4401659666434218 1.1008582584828157 1.4797494325296963
55.69230769230769 0.49191663710613376 1.228286563891036 1.6504583976792524
57.717948717948715 1.0251813613139078 2.7849180389873194 3.8218917485774373
59.74358974358974 0.9454962639606973 2.378118230579147 3.1972255480217195
61.76923076923077 0.938912920910842 2.3482300716245046 3.15131913996151
63.794871794871796 0.9391531812581606 2.348317443961796 3.1512224541393468
65.82051282051282 0.9396195382229451 2.349510682171267 3.1528279050339494
67.84615384615384 0.9400347355697277 2.3505932870564887 3.154289275241704
69.87179487179486 0.9403914271180668 2.351530283274821 3.1555531049059846
71.8974358974359 0.9406912677145093 2.3523244826140997 3.156622819671224
73.92307692307692 0.9409360498503926 2.352980414779011 3.1575044619480432
75.94871794871794 0.9411273650640708 2.353501121007226 3.1582019144836213
77.97435897435898 0.9412671280831849 2.3538915204005475 3.15872188281285
80.0 0.9413569776160166 2.3541554072681636 3.159069401995754

/Decreasing amplitude/

Phi [N] A_x1 [m] A_x2 [m] A_x3 [m]
80.0 0.9413456432905756 2.354168823711233 3.1591020195104473
77.97435897435898 0.941264535848995 2.353999046337801 3.158909898981007
75.94871794871794 0.9411450090330925 2.3536911218051055 3.158515352187553
73.92307692307692 0.9409759532965964 2.353261574837175 3.157956056862711
71.8974358974359 0.9407547283087031 2.3527018167749434 3.1572197907845863
69.87179487179486 0.940479164528559 2.3520061149629896 3.1562985585226864
67.84615384615384 0.9401468140912785 2.3511674537183445 3.1551825412061385
65.82051282051282 0.9397551094581832 2.3501787125582942 3.153861696760028
63.794871794871796 0.939301109875563 2.349031392572881 3.152324078745139
61.76923076923077 0.9387822181601279 2.347718256815766 3.150559685771391
59.74358974358974 0.9381950877479253 2.346229403347739 3.1485545225547407
57.717948717948715 0.9375359702709641 2.344554236370306 3.1462937649818046
55.69230769230769 0.9368013978962172 2.3426821520331265 3.1437626475143277
53.666666666666664 0.9359873462626223 2.3406020411559036 3.14094583359434
51.641025641025635 0.9350895158461542 2.3383010978953656 3.1378256830531575
49.61538461538461 0.9341033669367176 2.3357666599054934 3.134384992569655
47.58974358974359 0.9330240229890737 2.3329844433885385 3.130604497646357
45.56410256410256 0.9318461615715743 2.329939125175441 3.1264638142522765
43.53846153846153 0.9305637552307133 2.3266144260442085 3.1219418191394657
41.51282051282051 0.9291702868043568 2.322991205788418 3.1170137907062765
39.48717948717949 0.9276583818805743 2.319049270258317 3.1116546841195354
37.46153846153846 0.9260197101963868 2.3147651650154626 3.1058361892260504
35.43589743589743 0.9242449174122962 2.31011417045063 3.0995304030073347
33.41025641025641 0.9223241670815462 2.3050718254656033 3.0927131672112638
31.384615384615383 0.9202468378860188 2.2996149493018576 3.0853671608455513
29.358974358974358 0.918002806884633 2.2937294116315616 3.077495951844721
27.333333333333332 0.9155840414290763 2.287420722289679 3.0691432847137587
25.307692307692307 0.9129854813004897 2.280726938047659 3.0604186885147717
23.28205128205128 0.9102027500369874 2.2737277603036508 3.051521255887372
21.256410256410255 0.9072090057302069 2.2664962161381506 3.0426872758835657
19.23076923076923 0.9038678043553716 2.258851192708757 3.0338647435155153
17.205128205128204 0.8996420418877255 2.2494764034615113 3.023505845010681
15.179487179487179 0.8926819773338194 2.2331278657241773 3.0046789463729375
13.153846153846153 0.876161096784067 2.187724535135867 2.9459516265007624
11.128205128205128 0.7140738851552737 1.6273975080027094 2.1370048473458274
9.102564102564102 0.26629427142562806 0.4992764457272373 0.6343388541659819
7.076923076923077 0.1371111736524267 0.2630817502102244 0.33474729513912427
5.051282051282051 0.03783387373287361 0.044941395672136245 0.04797447522236707
3.0256410256410255 0.020464538777608732 0.04558407060745375 0.060422949208628784

//Control-based continuation in amplitude//

Phi [N] A_x1 [m] A_x2 [m] A_x3 [m]
1.0 0.007839685028322604 0.018680350802070436 0.024883481491770363
1.3969849246231156 0.008682157913806554 0.022094643585460517 0.0297934221915995
3.3141745293810208 0.02181343226196608 0.05453397400850637 0.07329698072259284
4.539679825644898 0.02995479092562477 0.07488302072653014 0.10064584084131656
5.733498748541253 0.03786131808124412 0.09464530257140752 0.12720629022457125
7.147533067642727 0.047238335477424766 0.11808361641748465 0.15870780072899665
8.596214721115494 0.05687634615608891 0.1421740340380996 0.19108602004595504
10.014410548744166 0.06634382747002819 0.16583807793314306 0.2228915225888858
11.420037577260008 0.07576254483007104 0.189380423192732 0.254533874202332
12.822669284170065 0.08520203834921988 0.21297503343483243 0.2862468786560588
14.219831406093778 0.09465139020332983 0.2365946766805997 0.3179938835923026
15.609111278450046 0.10409961521008754 0.26021190287990353 0.34973791836975504
16.989760820419296 0.11354686718596486 0.2838270914394611 0.3814794126325678
18.361191628262862 0.1229943988089599 0.3074433450946737 0.4132224576674601
19.72261961445409 0.13244214083361186 0.33106045479184193 0.4449667097588883
21.073228216695522 0.14188976552117752 0.3546775727372978 0.47671098154344904
22.41223452622779 0.15133714976942372 0.378294371209049 0.5084548151196732
23.738858862595755 0.16078424400736657 0.40191071317515525 0.5401980201827238
25.052316059523886 0.17023096133472454 0.42552638079850835 0.5719403211229357
26.35182121506996 0.17967726941812376 0.44914129980131084 0.6036816466137102
27.63657975146814 0.18912311254151534 0.4727553255392342 0.6354218418290247
28.90579664034799 0.19856847834827593 0.49636842464394676 0.6671609019441882
30.158667400903536 0.20801333369661024 0.5199804901322105 0.6988987252976258
31.394386626251062 0.21745768275443625 0.5435914992804485 0.7306353230435372
32.61214383255086 0.226901517898723 0.5672013852449028 0.7623706364494688
33.81112478102124 0.23634483342463128 0.5908100742074689 0.7941045972845185
34.99051615647088 0.24578762674931623 0.6144174928924747 0.8258371299243484
36.149502789886 0.2552298876353724 0.6380235477712073 0.8575681325112401
37.287267889824825 0.2646716136138552 0.661628168640859 0.8892975238148276
38.402990894159096 0.27411277439523557 0.6852312237974567 0.9210251429929627
39.49584999015736 0.28355336440442536 0.7088326590377381 0.9527509297511838
40.565021676146685 0.29299334441764935 0.7324323464421014 0.9844747256510235
41.6096737305093 0.3024326968428529 0.7560302291944287 1.0161964662700393
42.62897522342352 0.3118713895304692 0.7796262307555994 1.0479160662386866
43.622081347176625 0.3213094078309499 0.8032203317466797 1.079633514856681
44.58814196536448 0.3307467187089543 0.8268124710973125 1.1113487440487813
45.52629542996308 0.34018328417630034 0.8504025854662732 1.1430616888951197
46.43567697994504 0.34961909868961 0.8739906932747281 1.1747723866655704
47.31540842948099 0.3590541450846432 0.8975767875196485 1.2064808523833708
48.1645971095841 0.3684883971195403 0.9211608289846471 1.238187051362569
48.9823497200478 0.3779218388992682 0.9447428043891665 1.2698909820572841
49.76775256773706 0.38735445124978196 0.9683226928213394 1.301592636608905
50.51989008385386 0.3967862331658846 0.9919004976379872 1.3332920258795675
51.23783251082285 0.4062171565273936 1.0154761739667273 1.364989113847292
51.91598883786007 0.41585648093410416 1.0395717902246049 1.3973949830747667
52.51755149521154 0.42455771272083836 1.0613253753274787 1.4266433297787837
53.16434515566244 0.4345040731299779 1.0861909776948508 1.4600742402203957
53.7405171244542 0.4439671561208334 1.1098479520670212 1.4918808017977243
54.263240424741404 0.45356159577309607 1.1338324924332903 1.5241376970964935
54.73265898142065 0.4623948741835563 1.1559162529155078 1.553830121563445
55.19669163232319 0.47243196234352514 1.1810086599465206 1.5875759389763562
55.59274846503447 0.4813113648920377 1.203208052733377 1.6174235438476319
55.96509178033288 0.4912770487672886 1.2281224847086805 1.6509301627949182
56.28378889835624 0.5002209066205068 1.250483084817729 1.6809947109367545
56.55936926424846 0.510119129279217 1.2752290982730985 1.7142764282790186
56.77430050828361 0.5195450649948274 1.2987961211072265 1.7459739540859964
56.943760392974454 0.5289746996524785 1.322373203433006 1.777684298526852
57.09294001578723 0.5380386204128221 1.3450345076453125 1.8081532603462325
57.135926812695196 0.5477347882442762 1.369278049551994 1.8407718825680037
57.19327936819875 0.5569406876724216 1.392294295129724 1.871718293824324
57.12928256764268 0.5666467028173179 1.4165618970292027 1.9043706926722452
57.050946728645386 0.5761031833025709 1.440205499412729 1.936171644427443
56.922081899445665 0.5855221529235493 1.4637543182915418 1.9678454133693484
56.694563925498265 0.5950172840735624 1.4874941854080987 1.9997889414087728
56.458077511538775 0.6043768392983951 1.5108943531349277 2.0312632764758782
56.114223340426314 0.6139258112478467 1.5347680711302427 2.0633875033507105
55.71423090251196 0.6233884799266802 1.5584268594322221 2.0952220493150886
55.31470987986185 0.6326528804148897 1.5815884842905596 2.1263758915206123
54.72544034492378 0.6422976218938813 1.6057023047788228 2.1588378173616927
54.145305613389816 0.6517566543271807 1.6293528960772141 2.190660374563585
53.50821166420659 0.6611990314737958 1.6529607832088669 2.2224254156166383
52.737877510165994 0.6706581554232054 1.6766119527735988 2.254263338676417
51.96647477253071 0.6801041531136667 1.7002296913997288 2.2860424432122457
51.05131602568783 0.689554506874143 1.7238597433654552 2.3178541032856685
50.06352106795685 0.699014464419516 1.747515574078282 2.349699696901796
49.01316708527046 0.7084651927868016 1.7711480381273426 2.3815127436878223
47.890338933844205 0.7179087926904038 1.7947613471525805 2.4133012572681753
46.598490542214144 0.7274034983746386 1.8185049311467902 2.4452798983815507
45.34238966068319 0.7368109199983074 1.8420284485260043 2.476946022506281
43.80494185707398 0.7463267835854691 1.8658267833206155 2.5090127832488363
42.422933076440394 0.7557090107337524 1.8892863233883 2.540590836947598
40.6227334364212 0.7652493345200913 1.913146882937205 2.5727566188262756
39.024119256635814 0.7746586837630325 1.936676938298387 2.6044391604545276
37.10354992210029 0.7841422009975354 1.9603932821285686 2.636408400882017
35.2544736373492 0.79356361200543 1.9839551000485687 2.6681501315003406
33.08188410510457 0.8030654460148752 2.0077229360928954 2.7002022981293066
31.055606515384582 0.812486645823135 2.031284844098535 2.7319547237953037
28.855369208575834 0.8219414906131242 2.0549309259378243 2.7638410424121655
26.5458476402185 0.8314167521023659 2.078635136124312 2.795818815833754
24.37193706705755 0.8408608721121098 2.102255723752498 2.8276801155145166
22.296458171126393 0.850311716255505 2.12589632790616 2.859581469201467
20.582584373777014 0.8597434624605548 2.1494860574788572 2.8914194840606995
19.426668667909556 0.8691936580438642 2.173126135823714 2.9233427411664854
19.26837180911411 0.8786174975837618 2.1966953315144377 2.955175034417309
20.43316736787796 0.8880115347224509 2.220187596117878 2.9869113677973207
23.100053284796044 0.8973964589831225 2.243653914936745 3.0186281434100652
27.290379512365146 0.9067626971093226 2.267069244357528 3.050291064463927
32.961815704630446 0.9161007196562959 2.290406553743999 3.0818628784786175
40.14070602665129 0.9253978367277605 2.3136297689508343 3.113294715498183
48.96629444911454 0.9346384943032825 2.3366934463211377 3.1445235598395036
59.71087672194162 0.9438014041407461 2.359533855380581 3.175458605329578